3 1 7.23496
1 2 40.5947
1 4 66.74
1 4 11.3066
2 1 59.1163
2 4 46.7559
2 4 11.0553
1 2 24.6497
4 2 84.0827
3 5 17.7434
4 1 58.4136
3 5 69.3924
3 2 62.2511
3 3 94.6009
1 3 68.673
3 4 76.1923
4 4 74.1069
3 2 10.2035
2 1 25.042
3 4 53.9236
3 2 90.3966
1 2 86.4146
3 1 21.4576
2 5 61.2694
3 3 90.1681
3 2 22.1106
2 1 79.0367
2 2 5.01813
3 1 93.0947
2 2 76.4721
2 2 39.023
4 1 62.8666
4 3 53.5942
2 4 78.9544
2 2 42.1469
2 5 62.2032
1 5 10.5455
1 5 87.0183
2 1 17.937
4 2 1.00502
2 5 22.6866
3 1 4.85568
4 2 81.8141
1 1 12.0757
1 1 4.72075
1 1 55.2708
4 5 5.66128
3 4 69.3581
4 5 15.5424
3 5 40.0524
4 3 19.0054
2 2 8.13135
2 5 88.2359
1 2 95.6299
2 3 2.34211
1 3 49.5947
2 1 95.0448
1 3 41.7385
4 2 28.6151
3 1 92.7079
4 4 23.8934
4 5 42.8921
3 1 58.9341
1 1 96.3174
3 1 72.8547
2 4 59.3827
2 1 0.518854
4 5 52.7577
4 5 89.6413
1 5 98.3288
2 3 82.4139
